9.775191  1.830612
16.354782  1.842859
22.800610  1.847133
29.671884  1.843246
36.340891  1.846433
43.001803  1.847302
49.895514  1.842618
55.888022  1.844293
63.109046  1.849075
69.621168  1.843825
77.893264  1.848006
84.118777  1.835615
90.744275  1.826343
97.334360  1.806929
102.443665  1.776786
109.266569  1.757380
115.895778  1.749170
121.887421  1.731709
125.722856  1.715806
131.458881  1.699428
137.039651  1.674605
142.790851  1.651317
148.767279  1.629499
154.146600  1.610016
158.600003  1.585371
162.942149  1.567383
167.423285  1.549304
169.898982  1.527812
174.836792  1.500072
180.688700  1.477746
184.020184  1.459956
189.389645  1.451406
196.242221  1.445259
200.780433  1.420140
201.525304  1.398216
204.692490  1.367651
206.443819  1.333436
207.953455  1.303539
209.884720  1.278833
211.893214  1.247354
213.478811  1.218576
214.592722  1.182655
217.504497  1.155633
219.221905  1.129937
221.662217  1.106191
226.306963  1.078939
228.472291  1.055231
233.551069  1.036346
238.395877  1.008235
243.529357  0.984381
246.318699  0.966043
251.287482  0.944547
254.874811  0.924655
260.196466  0.895881
265.674980  0.875915
268.917618  0.851201
274.290483  0.829869
278.755148  0.808449
284.414279  0.782431
290.691109  0.759975
296.966252  0.737035
303.242812  0.714502
308.610586  0.691712
314.275325  0.667300
320.545713  0.642998
326.515595  0.619306
332.800317  0.599109
339.400520  0.582593
345.995327  0.564531
352.599240  0.549077
359.224401  0.539708
365.531855  0.526022
373.659276  0.513533
380.279041  0.502619
386.915670  0.496534
393.538807  0.486585
400.165402  0.477627
406.798911  0.470649
413.432166  0.463598
420.067446  0.457126
426.700702  0.450076
433.350147  0.447661
439.987787  0.441866
446.634871  0.438775
453.294771  0.439354
459.971873  0.444860
466.631436  0.445343
473.309549  0.451138
479.990360  0.457706
486.651947  0.458768
493.304427  0.457223
499.928577  0.447564
506.539910  0.434235
513.141462  0.418105
519.736606  0.400140
526.309827  0.375897
532.894853  0.355034
539.486286  0.336006
546.065578  0.313502
552.655663  0.294088
559.247097  0.275060
565.849998  0.259316
572.461331  0.245987
579.086155  0.236522
585.719411  0.229471
592.359075  0.224255
599.015265  0.223772
605.670781  0.223096
612.318877  0.220295
618.974393  0.219619
625.626873  0.218074
632.278679  0.216335
638.932171  0.215079
645.588362  0.214597
652.234434  0.211216
658.886240  0.209477
665.543442  0.209284
672.186816  0.205131
678.834237  0.202137
685.482670  0.199432
692.136162  0.198177
698.779536  0.194024
705.431680  0.192382
712.068983  0.186490
718.706623  0.180695
725.344601  0.174996
731.973134  0.166593
738.618869  0.163116
745.254486  0.156741
751.893476  0.151332
758.530441  0.145344
765.169093  0.139838
771.815503  0.136554
778.468658  0.135202
785.106973  0.129600
791.755406  0.126896
798.403839  0.124191
805.055308  0.122356
811.715545  0.123032
818.364990  0.120617
825.013086  0.117816
831.663205  0.115595
838.316698  0.114339
844.966480  0.112021
851.619297  0.110572
858.268405  0.108061
864.924933  0.107675
871.578088  0.106323
878.227195  0.103811
884.875291  0.101010
891.535866  0.101783
898.189696  0.100624
904.841839  0.098982
911.496005  0.097920
918.146125  0.095698
924.800292  0.094636
931.450411  0.092414
938.105252  0.091545
944.762117  0.091255
951.411562  0.088840
958.069439  0.088840
964.719221  0.086522
971.374737  0.085846
978.031939  0.085653
984.684757  0.084204
991.342971  0.084301
998.002871  0.084880
1004.646245  0.080727
1011.302773  0.080341
1017.960987  0.080437
1024.617515  0.080051
1031.274717  0.079858
1037.931245  0.079471
1044.588109  0.079182
1051.242613  0.078216
1057.895431  0.076767
1064.549261  0.075608
1071.206126  0.075318
1077.863665  0.075222
1084.518169  0.074256
1091.169638  0.072421
1097.829875  0.073097
1104.483030  0.071744
1111.136522  0.070489
1117.792713  0.070006
1124.453625  0.070875
1131.110490  0.070585
1137.760609  0.068364
1144.421522  0.069233
1151.074339  0.067784
1157.728506  0.066722
1164.385034  0.066336
1171.044260  0.066722
1177.697077  0.065273
1184.352256  0.064500
1191.010133  0.064500
1197.667335  0.064307
1204.324537  0.064114
1210.979716  0.063341
1217.637592  0.063341
1224.290410  0.061893
1230.935470  0.058222
1237.592673  0.058029
1244.251224  0.058222
1250.909101  0.058222
1257.563267  0.057160
1264.218109  0.056291
1270.869240  0.054359
1277.526442  0.054166
1282.670491  0.053972

