Energy    Scatter. Scatter. Absorb.  Pr. Prd. Pr. Prd. Coherent Coherent 

5.000E-02 1.683E-01 1.247E-01 3.061E+00 0.000E+00 0.000E+00 3.354E+00 3.186E+00 
6.000E-02 1.238E-01 1.253E-01 1.786E+00 0.000E+00 0.000E+00 2.035E+00 1.911E+00 
8.000E-02 7.559E-02 1.238E-01 7.567E-01 0.000E+00 0.000E+00 9.561E-01 8.805E-01 
1.000E-01 5.109E-02 1.209E-01 4.027E-01 0.000E+00 0.000E+00 5.747E-01 5.236E-01 
1.500E-01 2.439E-02 1.125E-01 1.192E-01 0.000E+00 0.000E+00 2.561E-01 2.317E-01 
2.000E-01 1.419E-02 1.047E-01 5.049E-02 0.000E+00 0.000E+00 1.694E-01 1.552E-01 
3.000E-01 6.525E-03 9.227E-02 1.548E-02 0.000E+00 0.000E+00 1.143E-01 1.077E-01 
4.000E-01 3.729E-03 8.315E-02 6.951E-03 0.000E+00 0.000E+00 9.383E-02 9.010E-02 
5.000E-01 2.408E-03 7.617E-02 3.857E-03 0.000E+00 0.000E+00 8.243E-02 8.003E-02 
6.000E-01 1.681E-03 7.060E-02 2.445E-03 0.000E+00 0.000E+00 7.473E-02 7.305E-02 
8.000E-01 9.509E-04 6.215E-02 1.254E-03 0.000E+00 0.000E+00 6.436E-02 6.341E-02 
1.000E+00 6.101E-04 5.594E-02 7.815E-04 0.000E+00 0.000E+00 5.733E-02 5.672E-02 