Energy    Scatter. Scatter. Absorb.  Pr. Prd. Pr. Prd. Coherent Coherent 

5.000E-02 3.530E-01 1.085E-01 1.241E+01 0.000E+00 0.000E+00 1.287E+01 1.252E+01 
6.000E-02 2.639E-01 1.102E-01 7.547E+00 0.000E+00 0.000E+00 7.921E+00 7.657E+00 
8.000E-02 1.625E-01 1.108E-01 3.404E+00 0.000E+00 0.000E+00 3.677E+00 3.514E+00 
1.000E-01 1.101E-01 1.093E-01 1.816E+00 0.000E+00 0.000E+00 2.035E+00 1.925E+00 
1.500E-01 5.357E-02 1.030E-01 5.725E-01 0.000E+00 0.000E+00 7.291E-01 6.755E-01 
2.000E-01 3.171E-02 9.654E-02 2.523E-01 0.000E+00 0.000E+00 3.805E-01 3.488E-01 
3.000E-01 1.481E-02 8.583E-02 8.117E-02 0.000E+00 0.000E+00 1.818E-01 1.670E-01 
4.000E-01 8.530E-03 7.772E-02 3.748E-02 0.000E+00 0.000E+00 1.237E-01 1.152E-01 
5.000E-01 5.537E-03 7.139E-02 2.116E-02 0.000E+00 0.000E+00 9.809E-02 9.255E-02 
6.000E-01 3.880E-03 6.629E-02 1.356E-02 0.000E+00 0.000E+00 8.374E-02 7.986E-02 
8.000E-01 2.206E-03 5.846E-02 7.033E-03 0.000E+00 0.000E+00 6.770E-02 6.549E-02 
1.000E+00 1.420E-03 5.266E-02 4.393E-03 0.000E+00 0.000E+00 5.848E-02 5.706E-02 
