Energy    Scatter. Scatter. Absorb.  Pr. Prd. Pr. Prd. Coherent Coherent 

5.000E-02 8.214E-02 1.458E-01 6.398E-01 0.000E+00 0.000E+00 8.678E-01 7.857E-01 
6.000E-02 6.030E-02 1.453E-01 3.623E-01 0.000E+00 0.000E+00 5.678E-01 5.075E-01 
8.000E-02 3.629E-02 1.421E-01 1.468E-01 0.000E+00 0.000E+00 3.251E-01 2.889E-01 
1.000E-01 2.414E-02 1.377E-01 7.264E-02 0.000E+00 0.000E+00 2.345E-01 2.104E-01 
1.500E-01 1.129E-02 1.266E-01 2.025E-02 0.000E+00 0.000E+00 1.582E-01 1.469E-01 
2.000E-01 6.511E-03 1.171E-01 8.256E-03 0.000E+00 0.000E+00 1.319E-01 1.253E-01 
3.000E-01 2.959E-03 1.026E-01 2.415E-03 0.000E+00 0.000E+00 1.080E-01 1.050E-01 
4.000E-01 1.679E-03 9.222E-02 1.054E-03 0.000E+00 0.000E+00 9.495E-02 9.327E-02 
5.000E-01 1.079E-03 8.434E-02 5.747E-04 0.000E+00 0.000E+00 8.600E-02 8.492E-02 
6.000E-01 7.515E-04 7.811E-02 3.601E-04 0.000E+00 0.000E+00 7.922E-02 7.847E-02 
8.000E-01 4.237E-04 6.868E-02 1.828E-04 0.000E+00 0.000E+00 6.929E-02 6.886E-02 
1.000E+00 2.715E-04 6.178E-02 1.137E-04 0.000E+00 0.000E+00 6.216E-02 6.189E-02