Energy    Scatter. Scatter. Absorb.  Pr. Prd. Pr. Prd. Coherent Coherent 

5.000E-02 6.545E-01 9.478E-02 7.292E+00 0.000E+00 0.000E+00 8.042E+00 7.387E+00 
6.000E-02 4.900E-01 9.734E-02 4.432E+00 0.000E+00 0.000E+00 5.020E+00 4.530E+00 
8.000E-02 3.078E-01 9.923E-02 2.012E+00 0.000E+00 0.000E+00 2.419E+00 2.112E+00 
1.000E-01 2.128E-01 9.894E-02 5.237E+00 0.000E+00 0.000E+00 5.549E+00 5.336E+00 
1.500E-01 1.049E-01 9.484E-02 1.815E+00 0.000E+00 0.000E+00 2.015E+00 1.910E+00 
2.000E-01 6.260E-02 8.966E-02 8.464E-01 0.000E+00 0.000E+00 9.986E-01 9.360E-01 
3.000E-01 2.988E-02 8.036E-02 2.930E-01 0.000E+00 0.000E+00 4.032E-01 3.733E-01 
4.000E-01 1.746E-02 7.310E-02 1.417E-01 0.000E+00 0.000E+00 2.323E-01 2.148E-01 
5.000E-01 1.143E-02 6.734E-02 8.257E-02 0.000E+00 0.000E+00 1.613E-01 1.499E-01 
6.000E-01 8.060E-03 6.263E-02 5.406E-02 0.000E+00 0.000E+00 1.248E-01 1.167E-01 
8.000E-01 4.621E-03 5.537E-02 2.871E-02 0.000E+00 0.000E+00 8.870E-02 8.408E-02 
1.000E+00 2.991E-03 4.993E-02 1.810E-02 0.000E+00 0.000E+00 7.102E-02 6.803E-02 