13.1638206029   0.0009188046
24.6121268055   0.0009193635
36.0744089662   0.0009166206
47.5488701761   0.0009110004
59.0355104351   0.0009025028
70.0127270234   0.0008913920
79.9519736103   0.0008795725
88.8521936800   0.0008672937
96.5826205155   0.0008547082
103.5252442255  0.0008437944
108.9528408076  0.0008321589
116.0444415752  0.0008197181
121.3748553347  0.0008076202
127.6763652456  0.0007944637
133.8346382246  0.0007816111
139.2330317096  0.0007694225
144.4899086366  0.0007571313
149.7452482082  0.0007452034
154.9436812281  0.0007330569
159.2719466978  0.0007215464
164.4667437502  0.0007102589
166.2814819708  0.0006996067
167.4313688930  0.0006861715
168.1237670899  0.0006719066
169.5076222456  0.0006567739
170.1787510784  0.0006314314
170.4756070825  0.0006432756
171.7557299680  0.0006175169
172.8820388786  0.0006017472
173.6140082893  0.0005904301
174.0247017992  0.0005777223
175.3709858719  0.0005626826
175.8664535502  0.0005501483
176.2748880889  0.0005379742
180.3248640285  0.0005297514
191.7633870605  0.0005326216
203.2332561699  0.0005280863
214.2039240236  0.0005185226
224.1407791688  0.0005072680
233.0380099363  0.0004956955
241.4157731999  0.0004838826
249.7946345744  0.0004718102
257.6508735546  0.0004602428
264.9846862318  0.0004491339
272.8412389580  0.0004374924
281.2203748602  0.0004253552
289.5997852903  0.0004131531
297.9772740260  0.0004014050
306.3547627618  0.0003896569
314.7306043311  0.0003782980
323.6276825833  0.0003667614
333.0458144997  0.0003550906
342.4634095619  0.0003435466
352.4025097340  0.0003317616
362.8615776608  0.0003200989
373.3191082321  0.0003087993
384.2963847174  0.0002976744
395.7944053994  0.0002864882
407.2888322635  0.0002761511
418.7810629058  0.0002663329
430.2695000736  0.0002574108
441.7541437672  0.0002493850
453.2304018859  0.0002433403
464.6980747733  0.0002393238
476.1535686115  0.0002381846
487.5976820268  0.0002397340
499.0262222316  0.0002449627
510.4489723967  0.0002515592
521.8719222183  0.0002581085
533.3058531498  0.0002620636
544.7603487053  0.0002611602
556.2394020157  0.0002544551
566.6955261176  0.0002434878
575.0717772997  0.0002320321
582.4062174689  0.0002207751
589.7428538600  0.0002089991
597.0782352671  0.0001975197
604.8334088181  0.0001852361
614.8818564423  0.0001722107
625.3409310242  0.0001605463
636.8329620099  0.0001507752
648.3176057034  0.0001427494
659.7928655395  0.0001369405
671.2631339619  0.0001323108
682.7314058189  0.0001281529
694.1962835146  0.0001247967
705.6625588062  0.0001211104
717.1264382192  0.0001179902
728.5901179757  0.0001149171
740.0533984192  0.0001119383
751.5166788626  0.0001089595
762.9785617102  0.0001063109
774.4408438709  0.0001035680
785.9023274054  0.0001010138
797.3636112834  0.0000985067
808.8240965352  0.0000961883
820.2855800697   0.0000936341
831.7454663518   0.0000914572
843.2055522906   0.0000892331
854.6650392596   0.0000871505
866.1245262287   0.0000850680
877.5838135413   0.0000830326
889.0431008538   0.0000809972
900.5013898836   0.0000791977
911.9594792569   0.0000774453
923.4173689736   0.0000757401
934.8764566296   0.0000737519
946.3343463464   0.0000720466
957.7916370935   0.0000704829
969.2487281840   0.0000689664
980.7058192746   0.0000674499
992.1633096783   0.0000658390
1003.6184042034  0.0000647942
1015.0744970112  0.0000635135
1026.5303901625  0.0000622800
1037.9860836573  0.0000610936
1049.4415774955  0.0000599544
1060.8972709903  0.0000587681
1072.3527648285  0.0000576289
1083.8086579798  0.0000563954
1095.2649504442  0.0000550675
1106.7198453127  0.0000540699
1118.1765370902  0.0000526477
1129.6316316154  0.0000516028
1141.0877244232  0.0000503221
1152.5424196352  0.0000493716
1163.9989117562  0.0000479966
1175.4540062813  0.0000469518
1186.9106980588  0.0000455296
1198.3653932708  0.0000445791
1209.8196891698  0.0000437229
1221.2757819776  0.0000424422
1232.7300778766  0.0000415860
1244.1845734321  0.0000406827
1255.6388693310  0.0000398265
1267.0925662603  0.0000391119
1278.5472614724  0.0000381614
1290.0011580582  0.0000373996
1301.4546553310  0.0000367321
1312.9097498562  0.0000356872
1324.3644450682  0.0000347367
1335.8173433713  0.0000342107
1347.2706409876  0.0000335904
1358.7243379169  0.0000328757
1370.1792327855  0.0000318781
1381.6329297148  0.0000311634
1390.4835046303  0.0000306133

