Energy    Scatter. Scatter. Absorb.  Pr. Prd. Pr. Prd. Coherent Coherent 

5.000E-02 3.199E-01 1.113E-01 1.027E+01 0.000E+00 0.000E+00 1.070E+01 1.038E+01 
6.000E-02 2.378E-01 1.129E-01 6.214E+00 0.000E+00 0.000E+00 6.565E+00 6.327E+00 
8.000E-02 1.456E-01 1.132E-01 2.770E+00 0.000E+00 0.000E+00 3.029E+00 2.883E+00 
1.000E-01 9.862E-02 1.115E-01 1.467E+00 0.000E+00 0.000E+00 1.677E+00 1.578E+00 
1.500E-01 4.790E-02 1.049E-01 4.564E-01 0.000E+00 0.000E+00 6.091E-01 5.612E-01 
2.000E-01 2.827E-02 9.821E-02 1.995E-01 0.000E+00 0.000E+00 3.260E-01 2.977E-01 
3.000E-01 1.315E-02 8.720E-02 6.351E-02 0.000E+00 0.000E+00 1.639E-01 1.507E-01 
4.000E-01 7.564E-03 7.888E-02 2.915E-02 0.000E+00 0.000E+00 1.156E-01 1.080E-01 
5.000E-01 4.906E-03 7.244E-02 1.639E-02 0.000E+00 0.000E+00 9.374E-02 8.883E-02 
6.000E-01 3.435E-03 6.722E-02 1.048E-02 0.000E+00 0.000E+00 8.113E-02 7.770E-02 
8.000E-01 1.951E-03 5.925E-02 5.418E-03 0.000E+00 0.000E+00 6.662E-02 6.467E-02 
1.000E+00 1.255E-03 5.337E-02 3.381E-03 0.000E+00 0.000E+00 5.800E-02 5.675E-02 